41928,0,123,234,31,Thu Aug 08 10:23:09 CST 2024,1,A1,33200,12,1,2
36715,0,123,234,99196,Fri Aug 16 18:22:30 CST 2024,1,A1-A2,459,10000,16890,99196
36715,0,123,234,99196,Fri Aug 16 18:22:30 CST 2024,1,A1-A2,459,10000,99196,16890
59153,0,123,234,99196,Fri Aug 16 18:25:57 CST 2024,1,A3-A4,459,10000,16890,99196
59153,0,123,234,99196,Fri Aug 16 18:25:57 CST 2024,1,A3-A4,459,10000,99196,16890
338,0,123,234,99196,Fri Aug 16 18:27:55 CST 2024,1,A5-A6,459,10000,16890,99196
338,0,123,234,99196,Fri Aug 16 18:27:55 CST 2024,1,A5-A6,459,10000,99196,16890
16215,0,123,234,99196,Fri Aug 16 18:46:47 CST 2024,2,B1-C1-D1,459,20000,16890,99196
16215,0,123,234,99196,Fri Aug 16 18:46:47 CST 2024,2,B1-C1-D1,459,20000,99196,16890
83326,0,123,234,99196,Fri Aug 16 19:01:10 CST 2024,1,E1-F1,459,10000,16890,99196
83326,0,123,234,99196,Fri Aug 16 19:01:10 CST 2024,1,E1-F1,459,10000,99196,16890
68355,0,456,234,0,Fri Aug 16 19:01:32 CST 2024,1,B2-B3,100,5000,99196,0
60514,0,456,234,0,Fri Aug 16 19:01:44 CST 2024,2,B4-B5-B6,100,10000,99196,0
23265,0,123,234,99196,Fri Aug 16 19:02:39 CST 2024,2,B2-B3-B4,459,20000,16890,99196
23265,0,123,234,99196,Fri Aug 16 19:02:39 CST 2024,2,C2-D2-E2,459,20000,99196,16890
